27
13
0
20
32
28
28
12
40
28
10
62
10
24
23
8
28
36
54
24
16
40
20
32
16
44
20
40
36
8
40
24
24
3
0
15
28
20
20
44
51
25
39
40
16
64
12
28
44
30
56
56
44
50
48
18
30
43
42
50
0
8
0
12
18
14
10
6
6
10
14
4
22
16
0
8
3
38
43
62
16
8
0
8
0
12
22
12
58
12
30
8
44
28
28
24
16
30
12
54
20
52
8
36
12
44
12
4
16
4
0
0
4
6
22
10
0
12
0
28
0
22
4
22
22
22
23
16
28
8
50
22
10
16
8
28
30
2
16
4
12
0
6
0
56
30
52
22
36
16
16
12
24
12
30
36
84
66
14
76
24
16
52
34
20
44
0
16
20
12
4
12
24
0
32
16
39
12
3
18
12
64
28
20
36
22
26
32
31
30
22
26
32
8
42
20
38
58
34
24
12
6
64
6
22
24
4
24
8
28
48
52
36
48
52
12
72
13
28
8
44
6
4
30
8
38
12
10
26
19
10
43
40
36
0
68
16
37
52
44
38
66
54
32
4
16
16
36
30
8
34
44
32
32
44
36
16
12
8
12
32
3
16
11
4
8
0
24
0
8
0
8
0
17
10
8
24
2
20
2
16
18
16
6
0
4
0
16
0
12
30
4
34
4
0
4
0
14
4
32
24
0
24
0
8
12
0
0
52
28
30
34
18
32
34
16
34
4
24
10
26
22
30
24
44
2
26
10
31
8
60
6
14
35
14
39
16
24
16
24
10
40
26
44
52
28
12
48
68
57
64
24
16
16
8
32
0
40
28
36
44
10
20
2
72
6
0
14
48
24
4
24
28
46
44
46
36
16
12
20
30
20
18
24
8
32
46
0
20
22
8
16
8
26
24
24
12
24
12
12
46
48
86
12
40
8
24
28
0
0
0
4
12
4
14
8
8
8
12
32
12
10
8
10
4
16
0
16
8
0
0
40
34
24
36
34
24
6
20
9
50
16
24
4
24
24
24
36
8
10
8
18
16
16
16
12
16
4
20
26
30
46
24
28
12
32
32
32
28
16
32
8
26
8
26
0
16
24
6
10
0
42
14
40
40
12
24
20
16
25
24
16
4
48
12
48
52
15
25
15
6
64
46
54
28
18
24
44
16
12
0
12
8
30
16
26
56
34
16
8
24
44
16
48
38
52
44
64
16
8
0
8
8
16
8
16
50
20
56
20
20
0
16
22
40
6
9
0
56
12
32
36
12
8
48
28
20
12
4
0
12
12
20
44
22
26
28
10
42
20
8
20
24
8
0
8
4
14
4
4
30
28
24
20
16
32
24
12
42
0
22
6
20
22
8
48
20
20
20
8
20
38
20
18
20
0
18
0
6
32
12
0
24
0
32
0
8
12
30
4
36
40
12
12
16
0
6
18
12
42
14
26
39
58
35
48
44
26
26
28
16
34
14
38
0
8
16
48
8
52
16
4
40
24
8
20
24
24
20
42
8
8
0
30
16
10
18
29
22
7
22
7
42
4
73
4
24
26
12
4
40
16
37
28
16
28
18
20
12
12
50
32
8
46
24
24
28
10
50
10
4
10
40
26
16
36
8
10
40
20
26
54
36
6
34
12
40
12
6
8
6
4
0
4
4
26
4
26
64
14
16
10
0
16
38
12
24
8
20
32
12
4
24
8
8
38
0
12
16
32
16
32
8
20
0
24
8
38
16
26
21
22
3
16
52
20
48
4
20
0
12
36
10
12
2
16
12
16
0
4
16
0
16
0
4
28
4
22
0
30
16
24
20
62
36
26
6
10
14
30
14
47
8
21
36
22
80
38
24
22
24
42
28
10
4
46
24
6
0
15
22
7
6
15
3
46
15
40
28
17
22
32
0
52
24
32
24
8
0
40
14
32
14
30
26
38
14
50
24
38
8
76
8
26
32
43
28
28
6
20
72
26
12
18
0
20
0
4
18
12
0
12
60
8
68
26
24
28
28
44
34
30
26
34
28
50
36
18
40
8
6
8
15
28
0
20
0
32
4
18
4
9
12
38
58
24
16
30
8
34
20
16
8
12
24
8
8
8
8
12
0
16
0
0
22
0
4
16
40
12
52
4
42
3
0
43
18
8
8
20
12
36
8
62
12
12
22
36
20
20
6
24
20
44
4
20
26
26
16
34
12
17
56
23
52
14
36
24
10
16
62
22
24
24
48
24
32
16
53
12
12
0
40
0
24
2
0
2
16
18
20
15
44
84
27
24
24
16
30
44
30
36
38
12
30
14
6
22
26
44
10
12
0
16
4
28
22
52
16
28
32
40
74
40
0
24
8
64
4
50
10
28
33
52
0
20
32
0
48
16
36
16
32
20
22
6
26
6
12
16
36
16
0
16
40
16
0
14
12
2
0
0
12
18
0
16
0
4
0
4
0
4
24
8
28
8
18
22
38
27
22
40
18
12
0
4
0
12
18
12
18
30
0
56
28
32
64
40
52
4
3
16
19
16
0
16
0
4
22
24
42
24
9
8
20
4
24
8
8
24
8
16
28
18
26
36
42
48
14
30
80
28
16
52
54
12
8
12
37
12
24
38
16
4
16
44
48
30
44
36
16
38
24
4
16
38
24
12
21
12
18
16
52
48
28
28
66
30
6
48
62
36
8
22
28
12
12
24
20
8
0
4
29
8
30
24
34
24
0
4
0
16
19
16
3
16
40
8
76
36
16
36
12
52
18
30
18
12
0
12
0
4
18
12
22
40
26
30
30
19
16
8
36
8
0
4
0
4
0
4
0
16
0
18
12
0
0
2
12
14
8
16
32
16
12
16
36
16
18
6
30
6
16
16
52
20
72
8
32
0
0
20
9
60
10
28
4
56
0
58
8
24
29
40
80
40
0
32
38
48
4
32
0
12
26
12
10
44
30
22
6
14
30
12
38
36
24
48
30
12
31
28
22
80
46
18
8
15
8
2
16
2
16
0
36
0
36
16
49
12
36
28
36
20
22
22
50
16
16
24
60
14
48
23
32
17
20
34
10
26
20
20
16
36
6
32
20
20
22
36
12
12
8
62
12
36
8
20
18
8
0
43
24
3
70
4
40
12
4
16
22
0
0
0
0
16
8
12
8
8
8
8
24
12
20
16
8
34
16
30
58
24
12
30
4
9
4
18
0
40
0
20
15
28
6
8
40
8
32
18
32
50
34
34
26
30
28
44
24
28
56
26
72
8
24
12
18
12
0
4
0
20
52
18
32
26
6
20
4
28
32
47
8
26
24
76
8
34
14
56
26
42
14
26
14
32
0
44
24
4
24
32
0
46
28
32
22
17
15
48
3
38
6
15
22
7
0
15
24
6
12
34
4
16
48
32
18
32
46
42
52
18
24
21
14
53
14
24
6
10
12
26
44
62
0
24
16
30
4
22
4
34
16
0
16
0
0
4
12
16
10
16
2
12
20
36
12
0
60
4
40
20
3
16
21
22
16
30
8
34
0
20
8
24
16
32
16
26
0
18
8
38
12
4
24
8
8
24
36
16
38
8
0
20
16
14
32
10
36
30
4
22
0
4
6
4
30
8
40
12
28
6
18
12
28
56
38
18
16
12
8
34
26
22
18
14
36
10
42
10
12
30
22
40
32
28
28
16
14
20
20
34
33
22
44
16
24
4
12
26
51
4
64
4
16
7
28
7
16
29
18
10
0
30
8
8
18
42
26
24
16
20
14
24
34
4
8
52
0
48
16
8
22
38
8
34
24
26
34
28
47
46
39
60
8
22
6
42
20
22
14
0
20
12
28
36
30
8
8
12
24
0
32
0
6
0
12
32
12
0
26
0
20
18
20
38
20
8
8
20
20
48
20
22
6
6
46
0
36
16
16
28
24
24
30
24
4
8
4
10
24
8
0
8
8
20
42
20
28
10
20
26
22
44
12
12
4
0
20
12
60
20
0
16
44
30
44
12
0
0
29
6
28
22
28
0
50
14
56
32
24
16
8
16
0
8
0
8
28
60
52
56
34
48
8
44
40
10
32
32
24
22
0
34
32
12
0
12
12
46
24
16
38
37
30
72
45
15
16
15
4
48
12
48
0
16
40
25
16
20
48
12
0
40
14
42
16
10
6
24
42
0
10
8
24
8
36
16
24
32
20
32
16
28
38
50
12
22
24
4
16
12
16
20
8
14
8
10
24
36
24
24
24
4
50
16
44
12
0
3
36
34
34
24
0
40
8
0
4
16
0
16
12
10
8
10
12
32
8
8
14
8
12
4
0
4
0
0
32
28
32
8
38
12
94
48
12
12
12
24
24
18
8
32
8
16
20
22
28
0
26
32
34
24
14
20
12
24
36
12
44
38
16
54
48
20
16
28
16
14
12
6
76
2
32
10
16
36
12
40
24
32
0
16
88
24
44
57
16
40
48
36
26
52
10
32
16
24
16
24
14
39
14
35
63
8
28
6
20
10
50
2
26
30
30
16
16
12
42
2
18
18
34
30
22
34
60
28
8
0
0
12
24
0
24
0
4
32
0
14
0
4
34
4
30
4
0
12
0
16
0
4
16
6
16
18
20
2
24
2
10
8
0
17
0
8
0
8
0
24
4
8
28
11
20
3
8
12
16
12
28
36
48
32
38
40
26
12
10
44
10
16
32
30
60
68
36
36
32
37
24
68
16
36
58
43
2
19
20
10
0
46
44
16
4
6
60
8
16
13
60
12
28
48
24
52
32
34
0
24
26
24
40
6
36
6
12
22
44
60
48
20
42
8
22
24
15
38
42
28
36
20
28
32
12
52
11
24
31
12
40
16
16
0
4
12
20
6
0
16
20
44
68
34
8
16
40
76
58
70
24
32
30
12
16
12
24
20
72
18
48
30
6
0
0
0
12
2
46
4
4
28
14
16
46
22
32
8
31
16
14
22
0
22
4
22
0
20
0
20
4
10
22
6
16
0
0
4
12
4
12
44
8
36
20
52
28
54
0
30
60
32
28
20
30
8
42
12
22
12
16
12
0
8
0
8
43
62
3
38
0
8
22
16
14
4
6
10
10
8
18
12
0
12
0
8
42
46
30
47
48
20
44
48
44
58
56
28
40
28
12
64
55
40
35
25
20
44
28
20
0
15
0
3
40
28
36
4
20
40
16
44
16
32
20
40
44
28
38
32
19
8
14
24
16
62
34
28
38
8
22
32
0
16
0
26
0
26
12
8
28
14
16
26
10
10
6
8
16
28
20
24
18
20
8
34
20
10
12
8
8
8
0
4
16
16
14
12
8
20
0
34
28
12
12
20
0
4
6
8
34
48
12
24
12
0
21
0
16
15
0
15
3
28
7
14
16
32
8
10
12
20
20
32
26
24
44
52
16
8
28
8
27
8
11
8
28
24
24
20
0
44
32
20
12
16
54
28
16
20
6
16
54
26
46
38
24
28
48
16
28
12
24
2
12
30
12
4
36
14
16
12
8
38
20
6
0
34
24
18
42
22
0
32
36
20
24
30
26
28
42
32
24
0
56
28
28
16
12
0
8
30
16
42
50
24
23
25
16
20
16
4
36
0
28
18
0
22
0
14
8
12
0
20
0
32
24
24
0
4
0
12
48
0
8
16
0
8
56
8
24
28
8
40
12
12
20
10
12
20
0
28
37
36
84
8
16
16
40
28
12
8
8
0
4
16
12
32
35
30
53
6
0
42
0
34
0
20
12
16
12
40
0
40
28
11
16
11
24
24
40
4
32
4
16
4
24
62
16
38
8
26
32
16
39
20
74
20
0
4
38
4
44
19
32
18
32
38
35
34
19
0
39
24
0
6
36
0
52
12
6
18
0
0
50
12
24
10
0
14
18
26
12
30
36
14
36
6
32
42
36
78
0
24
16
16
20
42
12
26
64
0
32
58
48
8
24
24
16
16
20
0
0
32
12
16
6
0
10
12
16
33
29
18
44
16
20
16
16
60
6
0
19
0
3
8
0
10
0
2
0
4
16
4
26
20
10
20
10
20
26
20
16
4
0
4
0
2
0
10
19
8
3
0
46
0
0
60
20
24
20
8
25
27
20
33
6
12
10
0
8
16
4
32
16
0
20
16
40
24
32
8
64
58
32
0
12
22
20
46
0
12
16
28
32
70
36
50
32
6
40
14
12
30
18
26
0
14
26
10
40
12
8
0
12
18
28
12
38
0
16
6
15
24
43
0
24
38
40
34
36
19
40
18
6
4
32
4
66
20
47
20
40
20
0
28
0
36
40
58
24
4
24
4
48
4
16
24
40
11
4
11
0
40
12
40
12
16
0
20
0
34
0
42
41
6
47
30
4
32
12
16
12
0
8
12
40
24
16
16
85
8
36
40
0
24
12
20
12
16
20
6
24
40
8
28
36
8
20
8
0
16
56
0
0
12
0
4
12
24
12
32
0
20
8
12
0
14
0
22
36
18
28
0
24
4
8
20
20
22
50
28
8
38
16
34
12
0
16
16
64
28
28
0
14
36
42
24
48
30
24
20
16
34
26
20
8
22
16
30
24
6
4
38
36
14
16
12
0
6
24
28
12
4
40
10
40
16
32
28
62
46
38
18
6
16
16
16
28
24
38
24
32
20
0
40
26
24
26
24
7
8
31
8
24
8
20
8
10
52
60
24
4
32
28
20
8
16
16
26
7
28
3
14
0
15
16
15
20
0
13
0
12
24
34
48
6
4
0
8
12
16
12
16
16
34
8
20
14
12
0
16
16
4
8
8
24
10
8
8
8
34
18
20
20
22
16
30
6
10
10
8
16
30
28
10
12
10
0
24
